10000
10445
10233
10066
10459
10772
10533
10239
10120
10919
10296
10590
10707
10713
10184
10636
10083
10514
10896
10293
10443
10271
10510
10881
10499
10394
10565
10881
10746
10726
10144
10776
10889
10679
10224
10821
10105
10991
10672
10041
10048
10675
10094
10788
10656
10208
10861
10476
10064
10600
10161
10641
10671
10201
10987
10018
10206
10768
10118
10292
10917
10729
10393
10629
10665
10971
10022
10652
10253
10898
10777
10611
10942
10788
10125
10911
10795
10833
10268
10320
10709
10228
10958
10916
10252
10751
10348
10968
10922
10998
10653
10178
10044
10667
10512
10769
10341
10266
10451
10902
10989
10813
10619
10927
10067
10123
10453
10656
10462
10540
10813
10741
10091
10376
10013
10127
10194
10465
10689
10795
10185
10830
10752
10281
10693
10562
10549
10170
10342
10804
10142
10939
10171
10968
10925
10834
10998
10142
10414
10975
10385
10961
10720
10421
10825
10387
10559
10001
10361
10567
10297
10434
10074
10447
10736
10297
10058
10191
10207
10219
10475
10498
10697
10692
10510
10579
10238
10127
10623
10142
10311
10147
10059
10713
10636
10448
10071
10133
10564
10363
10618
10497
10741
10998
10054
10257
10661
10019
10563
10242
10008
10706
10557
10018
10914
10809
10183
10310
10223
10468
10375
10252
10721
10173
10068
10626
10259
10781
10605
10390
10500
10988
10220
10143
10549
10702
10292
10572
10318
10959
10790
10388
10126
10832
10482
10405
10170
10497
10060
10809
10432
10393
10997
10894
10420
10613
10996
10445
10475
10093
10908
10462
10038
10981
10584
10145
10529
10939
10572
10536
10005
10420
10021
10283
10858
10900
10924
10300
10505
10221
10175
10405
10769
10919
10777
10934
10688
10282
10284
10435
10221
10392
10379
10789
10892
10702
10356
10056
10681
10276
10454
10357
10520
10499
10464
10497
10852
10926
10635
10870
10999
10701
10952
10640
10258
10862
10084
10690
10845
10020
10139
10538
10857
10861
10355
10339
10740
10998
10579
10410
10821
10850
10347
10843
10400
10547
10949
10116
10876
10496
10909
10954
10699
10751
10814
10811
10042
10749
10293
10692
10642
10924
10625
10684
10326
10324
10091
10216
10767
10046
10986
10960
10884
10044
10666
10866
10381
10941
10078
10374
10585
10440
10588
10386
10927
10606
10577
10127
10386
10749
10396
10459
10337
10418
10271
10712
10694
10783
10547
10356
10892
10509
10243
10675
10231
10811
10140
10667
10239
10080
10307
10790
10685
10390
10359
10669
10201
10128
10217
10778
10907
10901
10162
10879
10688
10877
10532
10981
10911
10339
10067
10992
10541
10844
10173
10433
10270
10047
10575
10316
10485
10621
10090
10260
10838
10691
10919
10835
10314
10366
10711
10406
10106
10422
10366
10975
10728
10006
10792
10533
10514
10506
10236
10490
10336
10530
10296
10404
10297
10519
10557
10182
10368
10548
10973
10199
10525
10559
10275
10284
10793
10927
10122
10865
10842
10167
10936
10765
10920
10764
10595
10855
10695
10508
10253
10516
10710
10304
10596
10667
10495
10172
10750
10770
10641
10028
10267
10241
10346
10385
10515
10711
10672
10980
10514
10997
10090
10633
10504
10168
10002
10136
10950
10187
10230
10369
10326
10332
10527
10926
10146
10749
10402
10821
10592
10646
10486
10861
10677
10161
10020
10665
10735
10719
10413
10412
10343
10321
10945
10724
10087
10936
10444
10129
10024
10681
10014
10056
10976
10804
10923
10715
10554
10932
10904
10459
10605
10444
10431
10033
10834
10791
10389
10841
10416
10665
10826
10136
10530
10572
10624
10751
10708
10118
10991
10008
10146
10009
10601
10481
10034
10626
10538
10711
10050
10943
10546
10181
10621
10931
10902
10085
10530
10339
10411
10454
10741
10046
10613
10623
10619
10704
10463
10899
10704
10128
10587
10829
10875
10987
10357
10125
10412
10792
10211
10516
10028
10190
10456
10028
10246
10938
10129
10588
10789
10534
10167
10995
10047
10422
10287
10602
10152
10884
10150
10759
10489
10983
10448
10439
10395
10951
10539
10412
10799
10429
10823
10983
10111
10601
10882
10680
10634
10595
10545
10900
10260
10782
10089
10054
10140
10953
10327
10825
10299
10496
10492
10332
10258
10227
10758
10407
10122
10150
10523
10405
10425
10497
10223
10531
10548
10016
10959
10688
10552
10165
10622
10333
10822
10940
10729
10167
10447
10632
10183
10299
10923
10604
10187
10025
10280
10541
10204
10628
10097
10814
10572
10809
10837
10251
10992
10526
10586
10491
10176
10013
10009
10512
10264
10064
10979
10384
10526
10975
10397
10513
10341
10824
10584
10024
10281
10119
10837
10203
10979
10487
10591
10160
10768
10735
10656
10317
10453
10432
10329
10298
10373
10558
10092
10260
10647
10989
10236
10867
10273
10062
10272
10022
10490
10226
10003
10253
10175
10302
10824
10255
10244
10159
10268
10085
10613
10472
10052
10918
10965
10434
10345
10693
10046
10796
10969
10937
10218
10795
10184
10195
10115
10347
10127
10413
10822
10350
10595
10769
10157
10669
10145
10407
10660
10845
10489
10931
10428
10644
10736
10574
10087
10044
10899
10380
10275
10910
10816
10135
10859
10427
10951
10554
10081
10231
10330
10008
10801
10071
10169
10733
10402
10188
10785
10669
10398
10001
10541
10796
10421
10050
10965
10406
10116
10725
10414
10744
10028
10725
10890
10046
10488
10852
10986
10646
10094
10449
10561
10725
10858
10515
10531
10289
10136
10773
10270
10111
10593
10106
10640
10222
10687
10434
10305
10900
10620
10038
10474
10919
10624
10168
10758
10158
10994
10599
10504
10089
10889
10146
10277
10318
10394
10602
10348
10566
10773
10437
10443
10175
10652
10200
10931
10435
10676
10109
10174
10073
10135
10030
10896
10491
10504
10112
10765
10327
10768
10683
10113
10018
10089
10641
10782
10138
10850
10509
10745
10834
10546
10375
10917
10132
10184
10045
10253
10410
10186
10099
10228
10077
10700
10006
10119
10258
10228
10069
10101
10242
10940
10145
10350
10712
10207
10359
10154
10833
10864
10972
10779
10655
10343
10416
10926
10854
10605
10726
10838
10803
10138
10531
10970
10129
10861
10829
10047
10702
10476
10958
10737
10189
10140
10817
10678
10973
10339
10668
10787
10955
10116
10446
10203
10731
10636
10035
10941
10509
10995
10054
10150
10254
10340
10478
10680
10275
10360
10852
10513
10285
10047
10804
10182
10522
10201
10786
10257
10280
10237
10575
10616
10816
10720
10716
10161
10288
10784
10110
10283
10633
10473
10395
10278
10850
10720
10883
10718
10933
10982
10755
10508
10225
10095
10574
10262
10655
10763
10933
10407
10329
10237
10193
10426
10632
10058
10285
10491
10693
10500
10929
10047
10826
10664
10141
10541
10897
10789
10563
10989
10045
10479
10169
10720
10345
10658
10109
10879
10910
10666
10393
10145
10264
10794
10345
10472
10147
10788
10218
10499
10602
10385
10654
10409
10288
10625
10941
10652
10147
10180
10046
10708
10693
10106
10286
10766
10293
10129
10424
10484
10365
10485
10327
10182
10981
10253
10960
10162
10473
10764
10370
10112
10814
10388
10850
10321
10819
10218
10699
10250
10102
10950
10963
10099
10020
10089
10860
10189
10860
10252
10640
10298
10006
10070
10686
10087
10520
10310
10373
10376
10554
10346
10550
10723
10115
10584
10264
10816
10515
10275
10646
10207
10411
10969
10587
10538
10001
10690
10592
10693
10824
10195
10589
10395
10344
10003
10679
10963
10210
10781
10097
10611
10166
10632
10662
10883
10040
10396
10741
10469
10841
10598
10502
10251
10242
10461
10133
10338
10982
10838
10749
10214
10640
10173
10438
10855
10259
10069
10769
10002
10289
10602
10747
10138
10686
10221
10097
10608
10269
10903
10308
10168
10859
10257
10245
10343
10443
10308
10922
10730
10602
10037
10385
10313
10516
10059
10300
10836
10463
10860
10517
10628
10982
10060
10116
10773
10552
10984
10272
10538
10467
10002
10395
10346
10162
10062
10176
10602
10847
10508
10681
10651
10869
10990
10044
10245
10109
10845
10390
10580
10499
10400
10899
10426
10426
10333
10636
10645
10806
10690
10394
10546
10048
10013
10538
10978
10247
10555
10322
10076
10964
10647
10315
10420
10087
10907
10063
10731
10521
10875
10869
10334
10513
10752
10754
10675
10275
10715
10146
10961
10550
10219
10160
10663
10341
10072
10986
10888
10136
10552
10497
10510
10292
10427
10831
10365
10928
10194
10034
10113
10073
10613
10000
10195
10713
10949
10411
10047
10403
10087
10127
10705
10026
10114
10825
10082
10122
10971
10091
10909
10223
10535
10541
10575
10773
10976
10182
10358
10664
10836
10108
10201
10069
10411
10760
10497
10137
10759
10221
10679
10056
10984
10698
10174
10000
10425
10902
10225
10456
10085
10844
10720
10731
10327
10087
10335
10337
10472
10192
10656
10863
10481
10925
10731
10494
10436
10692
10730
10194
10222
10561
10634
10308
10296
10388
10975
10842
10702
10695
10142
10781
10679
10414
10241
10715
10647
10023
10319
10591
10977
10092
10450
10694
10049
10151
10365
10546
10281
10821
10318
10356
10578
10830
10904
10606
10261
10901
10260
10055
10002
10995
10577
10290
10138
10376
10009
10065
10560
10492
10982
10126
10445
10987
10853
10923
10964
10008
10929
10643
10354
10739
10604
10160
10338
10685
10410
10149
10009
10275
10494
10903
10349
10154
10736
10160
10963
10411
10103
10268
10258
10199
10708
10216
10178
10924
10447
10151
10385
10440
10943
10415
10255
10749
10172
10044
10520
10110
10462
10587
10786
10265
10683
10554
10271
10781
10453
10710
10477
10142
10379
10644
10277
10335
10810
10652
10833
10824
10666
10275
10209
10720
10389
10712
10863
10028
10918
10209
10570
10040
10375
10015
10424
10725
10686
10704
10032
10740
10024
10779
10959
10066
10773
10577
10584
10885
10527
10138
10721
10246
10486
10861
10068
10607
10109
10829
10484
10391
10283
10224
10513
10740
10314
10281
10413
10920
10828
10185
10399
10455
10671
10657
10200
10087
10766
10051
10421
10625
10027
10826
10972
10159
10657
10471
10330
10887
10175
10277
10004
10831
10322
10023
10805
10961
10217
10913
10591
10289
10591
10125
10877
10836
10780
10311
10721
10980
10917
10418
10226
10818
10406
10388
10136
10939
10549
10567
10635
10901
10817
10786
10968
10211
10795
10072
10637
10016
10107
10119
10152
10145
10158
10252
10938
10358
10966
10461
10554
10234
10027
10558
10480
10752
10689
10408
10582
10601
10538
10911
10358
10947
10965
10763
10504
10804
10614
10202
10010
10704
10241
10395
10942
10671
10865
10662
10094
10747
10702
10507
10923
10904
10047
10488
10398
10276
10363
10686
10334
10569
10542
10862
10844
10417
10474
10368
10860
10522
10932
10077
10357
10618
10801
10150
10625
10532
10521
10979
10825
10987
10923
10601
10635
10527
10633
10518
10166
10494
10540
10006
10000
10141
10099
10612
10941
10958
10593
10977
10403
10452
10749
10192
10612
10373
10365
10006
10291
10960
10549
10196
10578
10855
10029
10039
10852
10974
10057
10561
10471
10765
10029
10601
10844
10786
10984
10953
10001
10707
10568
10110
10158
10555
10071
10877
10448
10074
10509
10036
10843
10362
10150
10903
10843
10919
10276
10405
10156
10526
10136
10898
10736
10242
10869
10917
10945
10851
10822
10508
10344
10592
10506
10343
10197
10198
10756
10827
10576
10921
10896
10297
10072
10554
10834
10990
10306
10466
10921
10195
10948
10639
10229
10335
10890
10332
10189
10084
10808
10622
10244
10967
10561
10100
10972
10628
10248
10390
10203
10266
10142
10833
10958
10291
10659
10761
10659
10711
10696
10113
10611
10353
10748
10408
10776
10586
10365
10236
10651
10748
10753
10491
10498
10618
10214
10439
10232
10670
10927
10546
10357
10322
10560
10755
10751
10276
10868
10079
10225
10156
10404
10732
10691
10343
10731
10801
10226
10121
10024
10178
10241
10703
10756
10259
10840
10347
10365
10379
10709
10387
10666
10491
10704
10883
10983
10422
10796
10882
10083
10243
10746
10243
10400
10681
10663
10542
10891
10964
10874
10550
10077
10405
10711
10027
10145
10134
10607
10875
10583
10173
10987
10148
10552
10152
10814
10742
10299
10827
10235
10031
10575
10934
10912
10726
10850
10419
10729
10772
10874
10446
10560
10312
10858
10654
10435
10178
10367
10731
10142
10218
10635
10640
10883
10538
10026
10170
10799
10985
10668
10753
10215
10322
10970
10936
10026
10420
10427
10584
10249
10147
10449
10138
10668
10911
10280
10220
10487
10131
10455
10538
10174
10528
10331
10081
10836
10355
10416
10289
10082
10301
10449
10009
10501
10802
10778
10976
10937
10045
10771
10681
10813
10153
10200
10173
10127
10218
10455
10192
10402
10309
10634
10453
10437
10022
10445
10131
10750
10081
10866
10428
10631
10979
10507
10659
10095
10273
10096
10350
10500
10081
10794
10165
10871
10800
10367
10490
10713
10403
10535
10609
10109
10818
10173
10010
10445
10514
10491
10140
10690
10179
10943
10612
10958
10833
10746
10790
10620
10446
10908
10603
10187
10376
10376
10821
10103
10006
10077
10735
10976
10769
10335
10608
10695
10281
10235
10689
10326
10886
10251
10020
10183
10096
10801
10808
10424
10353
10966
10515
10933
10553
10549
10615
10246
10378
10436
10152
10347
10677
10043
10428
10246
10148
10481
10580
10480
10002
10099
10075
10214
10848
10709
10404
10149
10962
10710
10625
10396
10553
10311
10505
10513
10202
10013
10441
10238
10599
10327
10223
10141
10700
10098
10267
10466
10276
10795
10638
10176
10965
10932
10391
10095
10250
10123
10252
10205
10120
10599
10310
10554
10051
10357
10153
10072
10289
10874
10242
10498
10919
10905
10353
10412
10411
10191
10281
10588
10650
10910
10758
10192
10906
10487
10038
10192
10467
10251
10547
10893
10130
10444
10984
10427
10526
10183
10410
10714
10158
10293
10889
10979
10746
10066
10423
10321
10058
10165
10984
10645
10132
10354
10099
10863
10778
10404
10056
10346
10242
10287
10994
10920
10768
10645
10479
10781
10793
10606
10485
10008
10065
10390
10359
10871
10856
10138
10033
10419
10177
10675
10456
10212
10723
10230
10150
10222
10443
10675
10660
10940
10385
10997
10624
10219
10490
10953
10730
10235
10966
10714
10610
10913
10555
10564
10804
10448
10394
10488
10342
10186
10448
10568
10257
10178
10184
10844
10422
10923
10286
10411
10635
10134
10303
10582
10726
10584
10272
10705
10314
10946
10756
10795
10040
10086
10546
10873
10479
10830
10798
10686
10998
10566
10071
10973
10514
10205
10641
10234
10684
10624
10372
10846
10012
10401
10004
10745
10844
10574
10234
10429
10982
10620
10707
10409
10823
10645
10480
10491
10584
10840
10574
10338
10979
10896
10926
10210
10835
10575
10823
10481
10959
10605
10211
10098
10160
10059
10560
10464
10313
10837
10248
10933
10127
10040
10963
10619
10264
10568
10243
10947
10729
10222
10896
10485
10747
10207
10341
10951
10397
10040
10755
10097
10832
10608
10300
10872
10855
10671
10875
10145
10493
10022
10634
10217
10780
10535
10964
10922
10923
10831
10172
10657
10855
10424
10934
10206
10022
10228
10861
10684
10088
10966
10364
10633
10142
10539
10120
10528
10280
10874
10221
10237
10769
10168
10697
10329
10150
10975
10518
10623
10687
10800
10588
10853
10853
10278
10990
10551
10853
10077
10780
10320
10899
10267
10569
10843
10523
10766
10526
10474
10259
10158
10166
10692
10781
10012
10419
10740
10780
10779
10801
10991
10397
10541
10258
10959
10017
10625
10434
10838
10239
10340
10307
10356
10999
10398
10964
10749
10324
10279
10197
10309
10025
10250
10879
10894
10728
10448
10002
10275
10927
10440
10982
10037
10989
10277
10397
10214
10515
10617
10001
10588
10277
10761
10635
10945
10427
10896
10668
10112
10995
10536
10423
10218
10218
10958
10894
10034
10763
10838
10628
10110
10487
10768
10667
10504
10350
10161
10439
10747
10156
10484
10491
10361
10783
10010
10402
10052
10936
10536
10937
10196
10704
10921
10779
10505
10581
10171
10276
10506
10902
10934
10163
10309
10459
10346
10993
10639
10464
10576
10799
10038
10691
10468
10768
10149
10132
10457
10234
10304
10077
10478
10323
10233
10642
10512
10753
10594
10571
10784
10226
10972
10880
10950
10685
10519
10556
10070
10161
10195
10268
10530
10573
10687
10978
10888
10832
10752
10189
10398
10434
10444
10883
10123
10210
10190
10330
10783
10817
10261
10980
10773
10238
10297
10457
10264
10260
10278
10825
10917
10041
10892
10026
10728
10609
10181
10278
10913
10979
10169
10377
10055
10289
10031
10258
10485
10118
10077
10240
10133
10891
10169
10311
10427
10178
10617
10186
10179
10167
10008
10491
10870
10499
10722
10257
10800
10667
10594
10034
10413
10337
10137
10377
10046
10537
10050
10977
10823
10095
10100
10171
10963
10879
10336
10636
10809
10740
10571
10875
10928
10598
10486
10953
10529
10302
10876
10738
10077
10491
10652
10787
10183
10170
10664
10125
10986
10897
10069
10761
10006
10789
10204
10179
10759
10365
10432
10276
10599
10686
10001
10123
10438
10728
10072
10484
10735
10745
10820
10036
10276
10041
10900
10028
10716
10038
10494
10348
10116
10769
10312
10201
10916
10984
10373
10577
10243
10917
10178
10351
10182
10143
10553
10787
10797
10487
10550
10228
10406
10262
10520
10512
10351
10725
10306
10347
10894
10565
10107
10798
10371
10769
10818
10530
10512
10224
10790
10469
10295
10551
10950
10692
10861
10535
10540
10746
10558
10714
10519
10272
10313
10116
10145
10246
10877
10936
10422
10280
10836
10280
10950
10020
10615
10497
10517
10923
10298
10958
10377
10214
10258
10500
10011
10004
10644
10654
10314
10441
10895
10465
10236
10577
10693
10099
10135
10877
10662
10512
10919
10468
10510
10237
10512
10278
10408
10233
10223
10125
10323
10160
10324
10733
10868
10210
10979
10398
10923
10356
10731
10264
10450
10781
10541
10510
10172
10675
10433
10837
10907
10974
10590
10727
10429
10326
10250
10931
10471
10009
10337
10128
10482
10176
10328
10202
10557
10578
10284
10163
10331
10865
10846
10934
10559
10148
10930
10080
10381
10068
10185
10047
10507
10363
10348
10512
10648
10337
10585
10524
10451
10769
10147
10723
10679
10180
10517
10516
10918
10485
10319
10154
10347
10469
10220
10963
10717
10503
10715
10470
10265
10638
10805
10683
10518
10629
10454
10688
10303
10824
10984
10464
10461
10210
10060
10182
10131
10182
10059
10203
10238
10721
10756
10476
10228
10520
10686
10816
10580
10998
10400
10737
10311
10809
10214
10016
10229
10942
10831
10758
10539
10705
10110
10880
10235
10706
10838
10114
10133
10789
10625
10208
10501
10368
10458
10033
10077
10506
10041
10285
10268
10538
10768
10576
10623
10605
10532
10039
10551
10989
10214
10635
10347
10502
10898
10692
10975
10618
10359
10071
10525
10672
10088
10803
10852
10649
10339
10976
10006
10211
10824
10417
10830
10937
10028
10092
10009
10115
10919
10000
10324
10065
10994
10102
10263
10030
10021
10075
10577
10523
10392
10245
10924
10105
10824
10283
10361
10771
10965
10026
10207
10020
10842
10285
10937
10229
10740
10565
10430
10257
10502
10474
10389
10292
10684
10352
10135
10241
10887
10229
10095
10907
10289
10930
10792
10191
10713
10969
10031
10160
10793
10846
10649
10147
10102
10752
10029
10660
10584
10378
10085
10088
10379
10525
10673
10397
10612
10753
10820
10383
10872
10916
10979
10780
10290
10905
10140
10866
10139
10436
10787
10687
10095
10741
10915
10409
10885
10171
10403
10232
10591
10092
10254
10193
10452
10242
10336
10396
10530
10312
10790
10072
10391
10381
10677
10597
10754
10512
10981
10666
10454
10285
10023
10208
10799
10118
10061
10687
10439
10454
10586
10088
10451
10906
10762
10522
10290
10273
10466
10217
10774
10142
10059
10452
10598
10899
10259
10725
10394
10271
10717
10423
10745
10139
10522
10027
10416
10866
10760
10459
10052
10000
10498
10355
10666
10197
10512
10861
10268
10217
10080
10772
10567
10066
10653
10339
10075
10299
10031
10822
10811
10880
10987
10873
10373
10415
10997
10128
10348
10209
10227
10039
10212
10770
10987
10915
10397
10676
10184
10056
10964
10771
10353
10957
10486
10013
10443
10309
10215
10368
10152
10687
10187
10672
10512
10280
10666
10553
10623
10015
10881
10546
10222
10338
10142
10211
10366
10559
10156
10000
10539
10093
10456
10350
10926
10044
10995
10318
10845
10306
10146
10752
10551
10872
10362
10089
10322
10508
10456
10480
10968
10872
10888
10150
10050
10563
10339
10564
10107
10295
10807
10233
10344
10483
10330
10699
10061
10129
10142
10726
10588
10874
10196
10051
10011
10377
10762
10515
10995
10790
10078
10685
10296
10564
10360
10236
10862
10060
10035
10860
10608
10883
10869
10310
10983
10338
10904
10282
10025
10685
10863
10620
10943
10854
10732
10659
10780
10650
10465
10206
10651
10884
10070
10911
10800
10241
10179
10356
10282
10236
10198
10852
10967
10227
10447
10576
10848
10906
10234
10354
10703
10934
10213
10561
10727
10220
10323
10757
10034
10123
10136
10361
10488
10920
10006
10927
10367
10432
10807
10776
10854
10563
10764
10619
10671
10751
10533
10014
10412
10195
10114
10963
10681
10549
10602
10445
10834
10246
10809
10787
10878
10676
10791
10748
10484
10392
10663
10292
10045
10186
10366
10630
10827
10649
10709
10730
10672
10559
10703
10017
10690
10117
10839
10415
10238
10651
10324
10647
10706
10802
10766
10981
10575
10406
10870
10384
10695
10326
10857
10055
10811
10997
10558
10926
10296
10862
10208
10313
10083
10740
10957
10616
10011
10112
10208
10035
10582
10110
10028
10112
10326
10594
10506
10059
10621
10855
10629
10085
10487
10112
10604
10824
10568
10811
10975
10849
10902
10010
10710
10983
10479
10060
10343
10252
10246
10756
10222
10178
10314
10944
10481
10727
10759
10925
10845
10300
10369
10552
10979
10146
10238
10976
10191
10694
10684
10786
10331
10991
10364
10893
10399
10149
10061
10504
10100
10772
10579
10921
10689
10217
10265
10224
10573
10789
10076
10162
10566
10240
10402
10474
10650
10200
10404
10205
10107
10321
10152
10532
10688
10583
10178
10680
10195
10474
10259
10577
10749
10897
10738
10847
10848
10555
10891
10629
10310
10697
10965
10275
10958
10208
10233
10043
10792
10822
10287
10222
10881
10619
10195
10408
10464
10498
10152
10905
10985
10647
10899
10389
10770
10523
10300
10071
10445
10614
10648
10361
10054
10564
10123
10831
10581
10252
10532
10669
10141
10693
10433
10981
10774
10521
10197
10454
10497
10247
10639
10633
10699
10683
10269
10110
10691
10649
10080
10263
10262
10842
10849
10835
10051
10070
10325
10694
10195
10515
10669
10206
10323
10204
10465
10801
10253
10222
10702
10158
10444
10751
10838
10065
10231
10783
10815
10819
10695
10988
10742
10161
10748
10480
10037
10147
10901
10374
10891
10328
10063
10862
10171
10960
10545
10084
10320
10602
10821
10704
10951
10992
10080
10105
10189
10463
10214
10243
10147
10043
10552
10355
10727
10563
10391
10720
10149
10377
10094
10973
10453
10333
10955
10716
10495
10754
10902
10005
10709
10600
10949
10743
10111
10876
10839
10510
10749
10925
10783
10846
10336
10832
10916
10207
10554
10871
10951
10385
10352
10053
10932
10538
10420
10069
10373
10990
10560
10787
10379
10742
10960
10379
10614
10372
10047
10482
10967
10342
10581
10146
10812
10169
10383
10377
10332
10943
10055
10851
10852
10484
10438
10687
10145
10150
10047
10032
10558
10387
10446
10781
10776
10248
10873
10587
10760
10111
10550
10626
10369
10616
10597
10885
10908
10043
10679
10622
10928
10836
10839
10569
10325
10352
10895
10935
10811
10528
10367
10550
10254
10404
10394
10135
10317
10882
10633
10473
10371
10807
10036
10876
10301
10988
10949
10272
10950
10325
10848
10959
10952
10030
10825
10920
10803
10046
10908
10277
10131
10497
10722
10248
10172
10257
10107
10001
10809
10877
10663
10883
10863
10564
10689
10016
10139
10291
10174
10730
10019
10662
10906
10996
10771
10380
10245
10168
10990
10718
10588
10034
10120
10361
10770
10116
10298
10257
10449
10675
10414
10872
10235
10962
10923
10744
10782
10510
10611
10461
10816
10819
10467
10959
10566
10789
10642
10078
10875
10408
10558
10471
10208
10812
10756
10527
10479
10515
10350
10669
10212
10741
10714
10684
10166
10223
10512
10496
10354
10807
10100
10146
10961
10627
10613
10911
10699
10378
10405
10494
10572
10034
10451
10969
10734
10436
10293
10043
10823
10566
10017
10084
10885
10695
10342
10233
10815
10240
10022
10999
10069
10801
10575
10560
10779
10378
10051
10703
10874
10251
10556
10401
10735
10573
10580
10902
10296
10875
10412
10598
10628
10523
10259
10583
10347
10482
10354
10614
10854
10959
10885
10683
10288
10142
10356
10634
10749
10592
10107
10079
10354
10112
10175
10450
10773
10618
10362
10979
10486
10615
10377
10592
10030
10244
10772
10805
10710
10564
10389
10563
10500
10386
10501
10772
10530
10852
10419
10166
10128
10925
10078
10806
10563
10346
10462
10463
10245
10591
10181
10403
10054
10594
10340
10992
10171
10112
10987
10111
10247
10318
10209
10457
10048
10595
10005
10515
10547
10013
10860
10132
10250
10561
10764
10373
10853
10087
10736
10904
10415
10749
10693
10467
10682
10194
10804
10479
10813
10414
10306
10420
10621
10337
10460
10848
10570
10793
10575
10648
10948
10616
10358
10846
10997
10052
10469
10131
10737
10921
10974
10110
10395
10948
10290
10654
10209
10785
10163
10837
10724
10968
10167
10445
10729
10195
10143
10159
10219
10484
10817
10234
10572
10100
10715
10097
10793
10551
10233
10849
10958
10878
10968
10361
10146
10108
10100
10538
10708
10414
10159
10025
10982
10957
10211
10618
10857
10918
10378
10223
10922
10540
10612
10826
10187
10891
10617
10016
10141
10736
10063
10926
10420
10976
10630
10808
10331
10286
10986
10183
10874
10113
10889
10875
10749
10397
10118
10930
10527
10976
10637
10512
10455
10128
10343
10999
10722
10860
10872
10136
10321
10960
10008
10947
10652
10677
10295
10244
10534
10064
10085
10447
10867
10594
10337
10164
10192
10136
10767
10166
10114
10059
10047
10905
10834
10786
10596
10122
10031
10631
10642
10940
10925
10336
10084
10824
10949
10663
10581
10868
10044
10396
10965
10671
10776
10089
10374
10004
10096
10854
10776
10061
10995
10838
10553
10690
10460
10881
10225
10587
10669
10972
10206
10242
10626
10342
10043
10724
10231
10293
10526
10057
10764
10064
10770
10529
10847
10742
10690
10218
10483
10063
10799
10448
10169
10433
10756
10028
10972
10846
10591
10273
10113
10171
10195
10034
10638
10060
10604
10839
10114
10679
10291
10522
10374
10918
10307
10413
10795
10681
10627
10735
10996
10643
10693
10415
10332
10411
10606
10255
10091
10479
10022
10852
10773
10428
10130
10485
10956
10865
10297
10619
10143
10148
10388
10688
10635
10173
10658
10275
10953
10714
10882
10890
10512
10002
10818
10537
10413
10558
10175
10578
10079
10877
10582
10557
10216
10695
10419
10867
10649
10501
10848
10069
10021
10942
10449
10851
10082
10109
10173
10321
10891
10401
10271
10428
10297
10453
10037
10950
10658
10641
10425
10382
10283
10272
10375
10108
10474
10373
10286
10627
10335
10543
10954
10688
10917
10052
10457
10946
10099
10605
10637
10554
10336
10214
10729
10733
10086
10834
10184
10815
10622
10340
10362
10923
10820
10193
10936
10712
10972
10308
10610
10086
10709
10633
10119
10530
10926
10918
10285
10317
10542
10375
10642
10460
10944
10914
10546
10364
10231
10586
10361
10780
10942
10855
10955
10632
10892
10766
10842
10442
10597
10797
10857
10739
10244
10546
10279
10139
10536
10429
10157
10950
10188
10962
10979
10088
10300
10635
10664
10217
10861
10286
10641
10052
10724
10299
10988
10813
10242
10721
10869
10321
10398
10425
10913
10955
10723
10818
10641
10084
10467
10223
10953
10002
10748
10974
10178
10741
10683
10267
10076
10902
10415
10268
10832
10864
10767
10534
10597
10179
10390
10080
10833
10166
10117
10614
10715
10046
10242
10889
10151
10261
10296
10853
10601
10740
10087
10923
10269
10747
10765
10680
10734
10896
10645
10774
10782
10935
10495
10105
10574
10850
10705
10237
10982
10817
10892
10614
10855
10427
10673
10263
10255
10749
10366
10623
10453
10602
10308
10313
10557
10460
10219
10892
10870
10322
10312
10803
10538
10778
10101
10005
10062
10585
10329
10182
10371
10137
10091
10583
10045
10922
10505
10277
10370
10493
10645
10518
10212
10436
10363
10321
10314
10254
10804
10437
10140
10705
10559
10026
10886
10465
10096
10744
10559
10785
10257
10437
10490
10015
10704
10363
10348
10764
10233
10329
10415
10388
10030
10736
10935
10731
10980
10649
10012
10297
10280
10069
10551
10752
10538
10877
10880
10019
10528
10747
10215
10025
10718
10193
10865
10130
10725
10313
10949
10593
10898
10188
10816
10659
10880
10695
10334
10847
10200
10138
10698
10478
10568
10683
10696
10501
10945
10923
10777
10560
10070
10423
10230
10986
10794
10634
10993
10651
10001
10473
10920
10152
10386
10223
10195
10249
10947
10793
10169
10319
10606
10389
10854
10781
10747
10463
10591
10936
10557
10796
10641
10930
10553
10859
10766
10291
10108
10848
10873
10537
10613
10098
10149
10130
10595
10328
10985
10431
10448
10344
10391
10092
10630
10672
10462
10141
10361
10737
10068
10683
10693
10728
10735
10990
10041
10126
10262
10437
10829
10987
10475
10541
10032
10894
10716
10855
10501
10304
10818
10965
10990
10411
10770
10981
10713
10789
10011
10590
10346
10121
10382
10003
10218
10015
10293
10703
10759
10514
10349
10328
10972
10267
10037
10134
10194
10548
10980
10293
10158
10712
10830
10634
10413
10273
10728
10211
10606
10906
10724
10114
10103
10607
10839
10338
10843
10321
10585
10442
10322
10526
10940
10507
10793
10272
10537
10117
10195
10196
10263
10055
10864
10783
10357
10014
10182
10124
10274
10413
10141
10257
10563
10022
10423
10707
10165
10232
10520
10838
10852
10682
10346
10346
10675
10927
10396
10186
10149
10546
10060
10191
10931
10155
10299
10508
10310
10706
10224
10907
10304
10860
10927
10905
10990
10885
10331
10613
10441
10173
10049
10430
10838
10917
10072
10142
10706
10947
10430
10721
10625
10732
10508
10331
10473
10018
10613
10249
10035
10798
10627
10014
10066
10696
10651
10049
10438
10757
10242
10501
10331
10751
10543
10722
10022
10363
10666
10530
10608
10032
10854
10958
10383
10548
10420
10401
10801
10707
10576
10733
10378
10938
10175
10053
10927
10776
10777
10651
10379
10790
10500
10763
10155
10737
10889
10472
10622
10334
10299
10878
10079
10357
10404
10575
10877
10585
10370
10865
10642
10695
10731
10216
10923
10796
10813
10080
10144
10060
10618
10806
10717
10089
10145
10704
10352
10305
10287
10737
10588
10323
10224
10698
10629
10203
10665
10085
10765
10764
10096
10940
10846
10557
10703
10554
10760
10303
10716
10135
10557
10150
10724
10442
10164
10086
10378
10146
10947
10504
10250
10174
10145
10460
10163
10254
10731
10489
10228
10065
10741
10492
10030
10520
10379
10582
10123
10739
10712
10641
10917
10706
10894
10051
10266
10551
10095
10932
10862
10595
10853
10789
10833
10037
10485
10289
10067
10026
10369
10081
10301
10921
10701
10970
10530
10719
10866
10161
10239
10523
10874
10323
10910
10498
10771
10718
10417
10493
10464
10108
10421
10001
10868
10025
10172
10416
10536
10450
10976
10942
10950
10712
10333
10431
10815
10422
10886
10095
10515
10863
10539
10794
10775
10348
10890
10893
10852
10669
10971
10692
10885
10581
10272
10070
10608
10947
10180
10230
10265
10838
10931
10379
10772
10760
10851
10202
10986
10327
10314
10962
10117
10896
10128
10272
10983
10972
10206
10028
10760
10904
10191
10404
10783
10112
10398
10184
10347
10236
10080
10462
10306
10373
10131
10695
10945
10009
10695
10905
10085
10189
10956
10310
10658
10339
10117
10509
10034
10013
10372
10256
10400
10992
10725
10486
10781
10716
10103
10945
10707
10675
10408
10234
10329
10464
10168
10700
10470
10650
10018
10046
10025
10305
10654
10581
10936
10217
10698
10354
10735
10541
10899
10071
10100
10213
10462
10624
10009
10202
10227
10936
10201
10225
10013
10193
10279
10079
10635
10416
10467
10516
10515
10264
10918
10995
10639
10966
10872
10657
10376
10325
10096
10652
10387
10027
10540
10718
10905
10571
10097
10634
10467
10885
10925
10718
10518
10123
10531
10977
10515
10853
10176
10311
10658
10959
10612
10834
10376
10337
10274
10732
10662
10935
10163
10467
10437
10051
10751
10300
10798
10216
10646
10099
10983
10576
10863
10161
10627
10104
10967
10639
10184
10161
10956
10450
10535
10667
10994
10423
10952
10782
10534
10617
10685
10601
10417
10129
10039
10822
10655
10694
10734
10741
10760
10245
10093
10937
10119
10970
10356
10816
10505
10872
10787
10014
10520
10917
10475
10756
10153
10154
10687
10605
10467
10665
10811
10034
10146
10807
10884
10006
10290
10205
10616
10164
10815
10674
10583
10112
10380
10899
10730
10307
10499
10205
10555
10299
10701
10177
10653
10426
10450
10674
10294
10558
10939
10868
10794
10545
10069
10461
10585
10178
10281
10616
10356
10100
10387
10847
10860
10997
10527
10177
10388
10921
10571
10725
10952
10816
10217
10030
10558
10477
10443
10423
10411
10145
10236
10625
10625
10816
10716
10770
10688
10130
10908
10048
10483
10532
10787
10415
10564
10400
10720
10375
10979
10834
10081
10777
10139
10117
10372
10219
10917
10238
10732
10331
10912
10014
10231
10208
10609
10286
10277
10511
10896
10174
10803
10565
10764
10206
10368
10120
10728
10113
10543
10467
10229
10591
10895
10265
10130
10202
10128
10593
10842
10939
10887
10651
10525
10101
10683
10067
10897
10298
10753
10411
10146
10998
10181
10870
10815
10769
10682
10426
10847
10144
10164
10373
10412
10798
10612
10044
10712
10287
10027
10408
10221
10877
10210
10593
10441
10719
10706
10287
10881
10030
10112
10759
10229
10810
10451
10539
10565
10933
10553
10358
10578
10718
10406
10118
10344
10664
10799
10067
10290
10268
10734
10862
10719
10413
10511
10461
10316
10466
10530
10367
10570
10185
10290
10403
10705
10266
10069
10558
10948
10242
10005
10428
10735
10737
10911
10134
10687
10462
10065
10773
10202
10561
10801
10262
10079
10273
10100
10279
10430
10623
10509
10673
10746
10603
10030
10374
10222
10238
10147
10084
10751
10304
10869
10475
10368
10090
10973
10260
10115
10830
10450
10627
10247
10726
10900
10318
10589
10251
10258
10398
10528
10919
10345
10981
10508
10724
10741
10800
10429
10510
10149
10152
10531
10863
10642
10060
10917
10882
10009
10209
10612
10706
10034
10884
10385
10843
10519
10383
10386
10737
10000
10122
10513
10297
10398
10244
10725
10516
10871
10067
10365
10155
10659
10432
10698
10959
10396
10534
10748
10664
10019
10636
10240
10393
10400
10289
10505
10905
10337
10984
10845
10189
10384
10316
10217
10916
10614
10286
10351
10316
10836
10580
10766
10923
10612
10772
10899
10000
10099
10274
10927
10435
10658
10534
10841
10258
10797
10377
10422
10654
10852
10522
10422
10430
10896
10404
10937
10690
10056
10570
10417
10826
10092
10238
10529
10480
10601
10661
10630
10690
10063
10679
10446
10949
10167
10374
10335
10039
10818
10245
10648
10284
10678
10804
10653
10348
10297
10761
10359
10138
10907
10736
10963
10279
10759
10262
10013
10776
10034
10227
10700
10334
10263
10942
10687
10405
10907
10197
10416
10535
10949
10941
10088
10433
10319
10279
10851
10662
10619
10860
10870
10603
10240
10298
10110
10044
10764
10367
10970
10677
10743
10237
10692
10602
10949
10743
10036
10915
10124
10755
10630
10610
10254
10840
10877
10191
10633
10570
10640
10694
10558
10124
10011
10343
10711
10942
10289
10015
10004
10055
10617
10029
10375
10868
10270
10464
10103
10553
10500
10342
10186
10135
10760
10496
10999
10343
10311
10165
10363
10174
10186
10595
10385
10306
10792
10525
10631
10228
10940
10226
10879
10854
10561
10130
10468
10471
10875
10486
10982
10868
10552
10304
10815
10138
10975
10025
10414
10569
10079
10106
10836
10227
10739
10117
10574
10645
10148
10373
10362
10125
10120
10539
10989
10781
10642
10491
10444
10271
10026
10838
10042
10210
10287
10792
10081
10667
10913
10557
10772
10967
10332
10520
10269
10040
10090
10308
10331
10942
10640
10023
10222
10240
10660
10884
10742
10412
10325
10840
10312
10363
10787
10982
10010
10352
10569
10551
10946
10035
10833
10356
10314
10009
10686
10358
10998
10566
10807
10585
10369
10485
10827
10291
10580
10127
10936
10787
10977
10346
10769
10352
10200
10788
10767
10288
10816
10633
10350
10307
10488
10729
10532
10214
10781
10886
10845
10020
10711
10396
10307
10194
10904
10353
10661
10514
10692
10671
10637
10842
10807
10440
10366
10653
10892
10226
10421
10115
10194
10643
10583
10701
10908
10342
10588
10292
10656
10118
10050
10890
10215
10531
10549
10216
10119
10651
10022
10706
10702
10938
10530
10776
10848
10341
10596
10886
10987
10228
10445
10263
10313
10462
10611
10893
10757
10641
10656
10580
10153
10482
10628
10568
10208
10842
10270
10332
10704
10738
10487
10100
10570
10400
10159
10077
10684
10186
10172
10339
10974
10522
10152
10524
10613
10499
10474
10188
10709
10803
10936
10903
10994
10010
10908
10334
10504
10146
10052
10516
10849
10535
10791
10144
10679
10168
10380
10905
10403
10671
10269
10053
10229
10710
10861
10362
10037
10418
10373
10640
10554
10876
10709
10918
10865
10525
10841
10452
10968
10130
10489
10113
10715
10681
10134
10967
10998
10227
10594
10948
10060
10515
10152
10514
10712
10333
10972
10233
10731
10370
10203
10522
10205
10315
10262
10879
10727
10644
10075
10634
10192
10124
10021
10068
10734
10145
10877
10215
10383
10505
10280
10726
10753
10694
10619
10427
10271
10274
10429
10033
10109
10836
10788
10787
10926
10217
10731
10108
10275
10702
10490
10809
10279
10629
10862
10620
10537
10383
10771
10450
10506
10569
10463
10895
10544
10441
10792
10176
10106
10123
10489
10882
10324
10551
10881
10137
10637
10621
10261
10292
10943
10596
10823
10119
10759
10255
10310
10376
10030
10642
10568
10215
10999
10091
10942
10407
10698
10548
10327
10898
10536
10576
10719
10340
10032
10740
10929
10190
10073
10136
10379
10646
10897
10014
10505
10157
10278
10322
10668
10010
10619
10658
10645
10733
10773
10457
10133
10046
10055
10830
10734
10175
10538
10738
10463
10495
10625
10186
10772
10081
10396
10850
10317
10060
10042
10363
10432
10268
10837
10717
10857
10793
10681
10265
10841
10750
10630
10152
10692
10965
10886
10824
10223
10809
10136
10353
10914
10268
10462
10466
10715
10090
10812
10186
10691
10181
10554
10379
10429
10938
10556
10809
10804
10597
10096
10476
10156
10153
10792
10306
10124
10378
10200
10930
10698
10278
10778
10108
10503
10713
10176
10108
10453
10248
10722
10512
10894
10025
10345
10288
10175
10409
10139
10070
10285
10822
10480
10174
10518
10350
10764
10759
10708
10567
10046
10963
10989
10816
10495
10796
10047
10647
10368
10735
10682
10573
10574
10837
10093
10440
10527
10335
10886
10136
10481
10379
10317
10540
10416
10421
10552
10661
10473
10919
10804
10714
10438
10603
10090
10102
10209
10616
10368
10791
10675
10228
10186
10224
10239
10505
10841
10106
10019
10563
10635
10022
10295
10488
10762
10583
10298
10609
10809
10390
10201
10905
10317
10997
10128
10019
10689
10495
10958
10409
10836
10160
10172
10186
10750
10113
10407
10107
10393
10071
10174
10266
10189
10421
10646
10094
10567
10151
10948
10155
10002
10057
10114
10941
10462
10030
10606
10635
10400
10877
10367
10422
10898
10137
10202
10074
10317
10136
10188
10340
10621
10143
10616
10300
10012
10668
10252
10533
10913
10276
10695
10499
10538
10398
10197
10428
10231
10423
10862
10666
10001
10039
10948
10080
10315
10404
10844
10539
10992
10334
10511
10003
10477
10802
10705
10242
10728
10315
10185
10244
10602
10590
10139
10800
10753
10829
10858
10406
10465
10687
10394
10353
10499
10989
10101
10143
10622
10776
10683
10326
10574
10033
10192
10609
10386
10825
10305
10460
10658
10594
10639
10612
10441
10789
10847
10314
10911
10982
10321
10322
10010
10862
10432
10727
10759
10487
10577
10082
10667
10597
10271
10898
10559
10474
10934
10310
10387
10050
10015
10113
10049
10489
10156
10660
10318
10170
10125
10787
10973
10009
10233
10497
10565
10891
10409
10309
10643
10437
10713
10241
10379
10578
10432
10280
10603
10345
10259
10361
10064
10686
10405
10385
10310
10128
10937
10053
10666
10627
10779
10984
10522
10439
10292
10194
10599
10480
10564
10642
10642
10263
10269
10838
10461
10801
10726
10752
10523
10855
10109
10962
10546
10774
10081
10718
10312
10927
10998
10095
10996
10586
10586
10700
10142
10318
10384
10246
10666
10236
10339
10832
10705
10837
10821
10030
10929
10105
10680
10617
10598
10122
10013
10954
10272
10952
10084
10805
10551
10983
10243
10033
10828
10605
10130
10749
10810
10376
10214
10733
10093
10831
10444
10468
10714
10712
10601
10852
10343
10466
10328
10972
10268
10484
10619
10049
10994
10390
10261
10673
10523
10838
10464
10684
10531
10846
10658
10739
10429
10323
10606
10070
10521
10234
10792
10936
10708
10422
10193
10742
10112
10461
10204
10632
10438
10259
10695
10903
10009
10159
10662
10064
10349
10253
10804
10343
10248
10764
10460
10767
10599
10321
10040
10081
10900
10547
10567
10644
10655
10720
10532
10780
10419
10192
10581
10510
10635
10449
10361
10274
10156
10394
10069
10514
10612
10205
10761
10643
10435
10646
10558
10721
10081
10977
10043
10999
10497
10939
10689
10023
10988
10575
10211
10455
10225
10668
10466
10237
10851
10805
10160
10101
10355
10529
10539
10352
10056
10884
10949
10159
10629
10918
10945
10280
10098
10650
10104
10696
10117
10410
10349
10994
10298
10401
10638
10127
10336
10193
10605
10006
10775
10759
10685
10190
10071
10899
10096
10162
10122
10932
10408
10108
10140
10299
10117
10381
10266
10614
10991
10451
10114
10329
10405
10804
10337
10296
10645
10867
10338
10904
10012
10497
10717
10190
10184
10293
10311
10368
10036
10783
10641
10971
10692
10809
10827
10341
10842
10215
10898
10124
10896
10185
10919
10358
10287
10422
10554
10643
10879
10316
10895
10767
10440
10181
10992
10732
10257
10499
10627
10168
10855
10384
10445
10075
10080
10295
10391
10964
10088
10767
10232
10652
10827
10457
10508
10763
10628
10912
10860
10201
10878
10825
10213
10888
10073
10555
10765
10696
10624
10608
10187
10595
10320
10084
10455
10995
10131
10702
10546
10384
10326
10045
10439
10886
10983
10004
10170
10406
10796
10289
10023
10252
10064
10619
10814
10665
10671
10138
10206
10610
10892
10523
10400
10313
10936
10100
10358
10002
10830
10341
10851
10953
10533
10080
10380
10194
10846
10434
10200
10217
10430
10362
10812
10523
10678
10793
10226
10564
10193
10475
10338
10986
10486
10557
10753
10050
10943
10599
10698
10050
10745
10165
10875
10551
10421
10928
10313
10696
10086
10530
10278
10722
10140
10730
10617
10958
10384
10156
10359
10416
10337
10365
10954
10249
10254
10429
10047
10366
10085
10078
10019
10770
10332
10997
10032
10426
10206
10670
10725
10192
10960
10181
10556
10283
10036
10018
10065
10413
10430
10852
10367
10420
10069
10169
10700
10109
10396
10268
10856
10422
10842
10521
10490
10314
10630
10838
10516
10659
10071
10642
10728
10699
10076
10986
10571
10091
10967
10337
10169
10264
10951
10968
10481
10770
10558
10734
10690
10655
10928
10842
10838
10440
10429
10471
10974
10514
10105
10095
10599
10928
10938
10971
10899
10447
10929
10114
10099
10938
10285
10128
10875
10335
10900
10464
10246
10097
10012
10701
10196
10727
10825
10022
10961
10014
10799
10961
10032
10418
10035
10817
10327
10747
10765
10810
10741
10885
10369
10444
10762
10912
10542
10550
10590
10130
10421
10710
10981
10793
10838
10966
10184
10150
10345
10393
10967
10798
10945
10814
10615
10522
10589
10923
10830
10922
10481
10566
10687
10910
10898
10497
10962
10005
10865
10556
10882
10673
10242
10711
10854
10386
10718
10216
10552
10890
10166
10178
10914
10282
10520
10879
10675
10539
10055
10742
10012
10631
10214
10208
10327
10400
10605
10664
10410
10737
10279
10658
10480
10132
10907
10886
10809
10700
10298
10932
10124
10205
10321
10705
10938
10552
10991
10027
10252
10931
10840
10546
10855
10416
10900
10424
10719
10917
10930
10514
10130
10228
10617
10087
10807
10660
10688
10057
10567
10927
10267
10545
10882
10029
10425
10248
10717
10530
10789
10387
10387
10539
10938
10710
10657
10351
10674
10461
10311
10003
10968
10487
10459
10966
10677
10868
10984
10159
10600
10152
10231
10556
10977
10584
10044
10212
10520
10949
10709
10966
10081
10878
10511
10260
10995
10251
10722
10107
10177
10592
10245
10652
10169
10198
10508
10968
10763
10816
10057
10446
10388
10580
10146
10209
10588
10833
10450
10657
10460
10360
10449
10214
10540
10678
10520
10132
10780
10360
10968
10723
10553
10344
10131
10839
10563
10136
10238
10616
10149
10236
10468
10554
10076
10549
10966
10575
10459
10562
10634
10643
10758
10442
10786
10921
10574
10520
10703
10949
10877
10638
10325
10537
10682
10038
10200
10220
10607
10964
10615
10663
10377
10991
10121
10498
10344
10746
10429
10175
10992
10374
10830
10204
10278
10795
10111
10871
10327
10862
10043
10413
10294
10789
10032
10252
10412
10249
10149
10666
10109
10219
10689
10622
10960
10202
10078
10741
10759
10196
10047
10591
10785
10355
10197
10819
10236
10890
10360
10912
10447
10488
10452
10982
10390
10692
10178
10404
10863
10346
10833
10035
10693
10844
10820
10675
10914
10013
10869
10197
10475
10634
10178
10545
10943
10618
10288
10952
10736
10143
10550
10724
10317
10901
10539
10327
10879
10635
10322
10825
10890
10952
10036
10862
10174
10192
10142
10768
10991
10823
10645
10529
10762
10901
10424
10819
10074
10298
10886
10515
10001
10612
10703
10819
10058
10934
10071
10032
10823
10779
10176
10715
10086
10716
10006
10435
10954
10255
10641
10979
10447
10361
10559
10544
10781
10476
10001
10495
10753
10324
10167
10100
10608
10454
10229
10077
10062
10139
10744
10968
10479
10460
10924
10643
10547
10310
10152
10955
10015
10432
10541
10454
10041
10538
10618
10340
10276
10016
10899
10323
10061
10879
10003
10051
10485
10544
10008
10907
10921
10395
10950
10385
10614
10653
10367
10935
10337
10965
10041
10604
10766
10995
10448
10168
10966
10898
10062
10156
10879
10585
10656
10049
10351
10940
10195
10161
10984
10088
10767
10619
10499
10302
10010
10050
10958
10207
10544
10824
10024
10866
10938
10551
10430
10394
10212
10465
10223
10171
10292
10752
10109
10350
10887
10320
10173
10971
10238
10436
10273
10006
10778
10286
10627
10021
10635
10179
10053
10913
10879
10606
10679
10292
10033
10644
10657
10714
10760
10216
10777
10643
10634
10032
10071
10423
10753
10080
10815
10995
10252
10565
10639
10555
10625
10653
10178
10968
10538
10436
10564
10436
10037
10874
10111
10012
10448
10948
10677
10686
10333
10199
10335
10626
10115
10421
10221
10790
10957
10873
10375
10292
10358
10989
10260
10935
10437
10222
10688
10350
10286
10934
10043
10080
10993
10122
10864
10049
10767
10741
10308
10212
10714
10485
10104
10225
10916
10021
10207
10840
10283
10611
10844
10935
10067
10594
10430
10985
10421
10635
10269
10632
10679
10303
10394
10556
10339
10144
10218
10988
10428
10521
10556
10300
10999
10978
10027
10496
10151
10921
10957
10608
10291
10966
10557
10716
10820
10486
10798
10186
10561
10594
10465
10533
10909
10320
10641
10985
10372
10330
10725
10437
10641
10462
10245
10135
10060
10183
10785
10126
10627
10657
10823
10532
10854
10282
10747
10522
10751
10679
10364
10889
10386
10637
10092
10102
10401
10514
10695
10894
10539
10138
10136
10723
10702
10262
10553
10309
10386
10666
10794
10220
10080
10446
10740
10460
10923
10431
10222
10730
10158
10479
10783
10159
10271
10899
10933
10107
10434
10859
10286
10147
10528
10623
10245
10502
10905
10759
10847
10053
10704
10132
10742
10977
10175
10022
10533
10345
10995
10118
10221
10204
10800
10101
10296
10163
10600
10347
10045
10107
10288
10780
10796
10090
10876
10441
10042
10687
10940
10315
10774
10471
10823
10581
10052
10086
10735
10035
10914
10851
10572
10949
10258
10671
10062
10744
10800
10710
10373
10015
10220
10455
10404
10454
10730
10169
10126
10312
10024
10214
10958
10969
10407
10845
10629
10846
10350
10026
10048
10883
10643
10977
10776
10525
10579
10275
10791
10290
10005
10784
10831
10070
10218
10758
10845
10200
10943
10240
10902
10555
10190
10042
10272
10209
10170
10860
10020
10125
10066
10534
10795
10648
10903
10436
10271
10119
10937
10025
10299
10370
10279
10008
10293
10208
10302
10880
10443
10857
10413
10800
10908
10324
10278
10924
10585
10275
10838
10079
10972
10916
10297
10906
10119
10857
10000
10043
10495
10761
10284
10649
10755
10528
10576
10415
10392
10493
10242
10015
10655
10715
10002
10753
10625
10603
10526
10564
10601
10319
10077
10700
10771
10313
10715
10157
10556
10557
10820
10255
10202
10389
10844
10666
10557
10828
10270
10140
10303
10589
10308
10305
10864
10509
10391
10410
10308
10206
10375
10297
10417
10245
10901
10635
10251
10782
10191
10863
10874
10942
10140
10703
10224
10466
10113
10621
10267
10246
10787
10032
10282
10456
10973
10454
10918
10423
10684
10187
10830
10550
10305
10643
10287
10405
10215
10365
10555
10082
10799
10858
10234
10955
10856
10428
10935
10591
10786
10081
10373
10974
10973
10042
10593
10423
10213
10959
10057
10161
10569
10214
10837
10883
10764
10684
10701
10599
10507
10082
10604
10340
10953
10763
10492
10756
10448
10342
10489
10662
10296
10871
10826
10957
10493
10299
10349
10880
10044
10572
10986
10802
10853
10489
10524
10285
10472
10753
10539
10843
10921
10081
10165
10214
10966
10461
10894
10417
10051
10996
10885
10942
10347
10607
10202
10049
10434
10802
10437
10820
10913
10532
10568
10717
10002
10116
10392
10669
10812
10516
10608
10138
10185
10067
10550
10263
10422
10622
10922
10530
10922
10886
10132
10759
10379
10928
10541
10859
10702
10960
10825
10836
10773
10175
10828
10183
10758
10680
10259
10777
10281
10589
10412
10162
10682
10919
10080
10343
10944
10406
10447
10367
10901
10614
10853
10273
10568
10498
10812
10908
10855
10589
10258
10814
10848
10559
10789
10465
10594
10332
10252
10955
10503
10148
10383
10581
10845
10390
10690
10678
10590
10534
10805
10416
10716
10185
10680
10244
10825
10238
10910
10234
10038
10376
10791
10012
10098
10529
10563
10275
10494
10705
10275
10145
10910
10392
10882
10737
10066
10640
10092
10788
10918
10750
10493
10614
10215
10786
10789
10032
10799
10860
10891
10023
10283
10722
10328
10516
10683
10192
10262
10541
10401
10999
10313
10589
10902
10777
10196
10728
10017
10700
10310
10793
10761
10285
10166
10879
10598
10703
10205
10293
10179
10331
10276
10745
10974
10594
10014
10480
10802
10442
10391
10408
10541
10357
10660
10125
10382
10784
10773
10096
10794
10314
10913
10181
10151
10932
10177
10580
10952
10168
10495
10051
10082
10412
10744
10250
10150
10673
10840
10423
10625
10199
10149
10234
10328
10332
10623
10195
10760
10453
10526
10067
10844
10563
10780
10969
10160
10738
10340
10070
10950
10518
10004
10394
10903
10887
10135
10441
10669
10974
10574
10928
10822
10640
10664
10829
10763
10347
10351
10838
10642
10311
10293
10848
10969
10935
10103
10307
10292
10008
10865
10843
10152
10033
10386
10779
10769
10027
10522
10829
10041
10226
10065
10181
10802
10733
10225
10447
10198
10467
10542
10622
10909
10911
10309
10630
10623
10861
10619
10412
10858
10373
10120
10453
10774
10096
10147
10724
10543
10432
10600
10216
10595
10029
10936
10429
10709
10469
10583
10098
10641
10700
10203
10251
10176
10596
10499
10519
10311
10110
10375
10101
10603
10186
10703
10827
10311
10036
10799
10815
10362
10191
10529
10849
10851
10854
10659
10520
10190
10097
10650
10700
10915
10389
10119
10261
10333
10967
10025
10138
10728
10394
10963
10484
10311
10590
10608
10412
10453
10516
10164
10770
10330
10416
10397
10656
10144
10886
10482
10902
10631
10888
10267
10695
10502
10590
10921
10252
10698
10415
10134
10255
10388
10296
10288
10579
10734
10755
10522
10338
10238
10681
10380
10375
10519
10010
10453
10549
10164
10876
10198
10855
10918
10675
10200
10666
10768
10464
10249
10424
10632
10821
10075
10158
10457
10576
10565
10160
10360
10870
10294
10948
10523
10010
10663
10708
10040
10366
10408
10656
10789
10289
10678
10187
10908
10009
10684
10949
10130
10347
10591
10809
10463
10393
10487
10047
10688
10867
10554
10141
10948
10921
10003
10802
10124
10392
10467
10755
10975
10203
10599
10785
10180
10228
10571
10147
10729
10771
10804
10328
10427
10446
10212
10271
10023
10058
10474
10643
10953
10441
10560
10265
10227
10612
10585
10676
10369
10123
10866
10027
10138
10962
10824
10496
10921
10902
10371
10973
10476
10793
10418
10571
10085
10146
10687
10043
10648
10305
10300
10808
10780
10281
10966
10340
10661
10975
10976
10794
10545
10906
10707
10172
10850
10643
10349
10030
10180
10231
10584
10042
10983
10770
10237
10126
10182
10702
10904
10883
10873
10877
10390
10159
10513
10172
10700
10542
10218
10528
10969
10596
10757
10085
10919
10902
10935
10501
10062
10609
10780
10470
10794
10563
10352
10583
10438
10425
10383
10779
10296
10688
10275
10543
10631
10761
10151
10377
10003
10342
10370
10354
10355
10738
10461
10414
10437
10225
10184
10816
10546
10906
10362
10819
10127
10806
10656
10207
10123
10580
10472
10449
10838
10419
10399
10094
10303
10660
10279
10033
10889
10582
10556
10787
10319
10324
10305
10746
10813
10821
10127
10894
10313
10042
10990
10119
10793
10413
10239
10339
10095
10687
10121
10423
10354
10866
10754
10115
10687
10585
10137
10915
10456
10166
10490
10651
10740
10442
10217
10652
10840
10130
10330
10828
10339
10119
10544
10082
10776
10550
10877
10234
10543
10826
10586
10054
10445
10423
10431
10446
10382
10713
10781
10208
10112
10596
10082
10100
10658
10861
10781
10570
10388
10192
10794
10205
10225
10691
10792
10595
10602
10059
10921
10405
10125
10990
10010
10637
10486
10313
10644
10414
10292
10507
10691
10736
10808
10977
10285
10771
10041
10331
10468
10044
10179
10183
10791
10166
10033
10525
10390
10955
10417
10539
10389
10156
10888
10153
10427
10804
10469
10591
10955
10211
10642
10038
10930
10730
10040
10941
10482
10099
10322
10821
10335
10099
10941
10039
10097
10346
10990
10372
10577
10562
10836
10725
10335
10510
10344
10509
10683
10597
10395
10147
10586
10215
10655
10668
10683
10295
10848
10792
10635
10537
10324
10980
10326
10863
10177
10601
10223
10167
10781
10130
10482
10759
10092
10651
10552
10587
10166
10464
10051
10766
10575
10700
10570
10127
10715
10436
10486
10246
10889
10595
10366
10800
10335
10439
10969
10335
10543
10003
10883
10845
10256
10982
10585
10762
10960
10716
10800
10996
10489
10108
10618
10631
10633
10570
10139
10142
10366
10598
10299
10968
10290
10548
10341
10390
10804
10813
10215
10227
10631
10982
10595
10853
10422
10024
10486
10428
10992
10384
10110
10601
10073
10280
10130
10457
10273
10677
10260
10010
10617
10626
10130
10556
10563
10149
10190
10067
10338
10864
10834
10357
10186
10339
10848
10151
10752
10336
10673
10557
10821
10719
10716
10825
10911
10499
10913
10380
10208
10237
10174
10971
10867
10672
10643
10211
10461
10028
10281
10384
10009
10871
10248
10179
10727
10009
10329
10794
10109
10678
10217
10052
10621
10617
10656
10581
10617
10503
10952
10479
10997
10834
10858
10826
10749
10408
10853
10077
10815
10579
10256
10917
10049
10329
10698
10861
10782
10223
10768
10559
10821
10330
10847
10994
10650
10806
10403
10341
10810
10011
10047
10938
10441
10884
10022
10095
10750
10650
10433
10401
10537
10865
10721
10729
10387
10880
10080
10372
10495
10279
10395
10013
10376
10716
10875
10566
10940
10847
10701
10064
10959
10423
10190
10583
10723
10100
10114
10625
10358
10734
10103
10840
10548
10477
10558
10445
10878
10683
10178
10928
10787
10144
10644
10981
10727
10012
10501
10665
10066
10898
10029
10502
10538
10355
10652
10947
10035
10096
10320
10520
10453
10676
10007
10993
10847
10377
10077
10944
10771
10114
10823
10080
10890
10009
10449
10079
10681
10611
10509
10291
10452
10720
10605
10200
10642
10407
10131
10905
10649
10017
10094
10374
10612
10709
10872
10028
10746
10820
10399
10899
10313
10461
10040
10788
10346
10740
10250
10946
10047
10815
10338
10851
10530
10602
10147
10422
10832
10395
10673
10735
10846
10376
10862
10872
10570
10743
10084
10827
10101
10198
10611
10006
10840
10765
10669
10189
10709
10264
10225
10246
10791
10449
10550
10161
10581
10966
10112
10759
10826
10279
10447
10893
10521
10747
10782
10425
10527
10979
10841
10908
10313
10199
10771
10448
10456
10512
10670
10523
10914
10573
10284
10669
10043
10018
10287
10679
10660
10070
10692
10060
10274
10307
10741
10476
10578
10076
10054
10695
10308
10762
10000
10663
10861
10111
10205
10201
10658
10639
10427
10974
10906
10259
10613
10388
10627
10240
10814
10266
10367
10232
10583
10428
10520
10408
10194
10452
10234
10369
10544
10442
10968
10418
10769
10893
10002
10590
10978
10034
10101
10066
10604
10597
10403
10747
10594
10142
10061
10285
10050
10661
10919
10374
10216
10760
10835
10724
10336
10964
10552
10468
10691
10379
10491
10725
10243
10574
10071
10052
10890
10739
10905
10930
10056
10088
10743
10059
10116
10457
10259
10304
10733
10541
10003
10015
10761
10976
10651
10848
10045
10797
10836
10044
10598
10010
10486
10210
10336
10785
10180
10586
10245
10827
10351
10277
10224
10088
10038
10052
10338
10581
10596
10664
10021
10925
10155
10970
10888
10483
10864
10589
10554
10142
10238
10369
10410
10166
10560
10544
10614
10551
10057
10038
10314
10907
10414
10677
10900
10805
10943
10646
10622
10091
10609
10415
10123
10539
10991
10193
10238
10786
10995
10969
10519
10064
10223
10314
10775
10864
10945
10153
10534
10999
10135
10161
10411
10307
10462
10608
10764
10694
10426
10362
10598
10282
10761
10820
10439
10983
10368
10931
10258
10340
10563
10230
10644
10803
10495
10049
10541
10447
10106
10444
10368
10434
10765
10236
10510
10914
10096
10072
10383
10779
10535
10318
10635
10244
10212
10895
10417
10731
10757
10264
10294
10161
10712
10059
10056
10238
10140
10109
10059
10284
10129
10969
10044
10567
10003
10909
10164
10104
10307
10212
10911
10262
10327
10468
10069
10622
10283
10800
10929
10196
10639
10408
10496
10291
10050
10127
10701
10889
10024
10094
10955
10767
10337
10568
10073
10215
10754
10662
10357
10046
10783
10923
10850
10517
10705
10826
10276
10554
10988
10983
10662
10668
10341
10875
10754
10256
10346
10788
10945
10685
10786
10740
10819
10007
10671
10993
10625
10138
10001
10573
10344
10700
10141
10319
10129
10256
10117
10242
10064
10200
10274
10036
10729
10611
10967
10009
10690
10912
10296
10609
10205
10194
10146
10776
10980
10980
10077
10212
10450
10735
10504
10252
10119
10281
10924
10423
10492
10672
10019
10699
10048
10744
10010
10535
10058
10825
10933
10523
10897
10836
10290
10910
10088
10391
10137
10368
10501
10615
10354
10641
10189
10278
10800
10210
10176
10494
10836
10779
10339
10524
10252
10476
10045
10160
10230
10272
10233
10821
10200
10655
10470
10932
10882
10155
10020
10893
10102
10445
10488
10632
10534
10217
10601
10216
10807
10023
10212
10138
10813
10379
10885
10518
10664
10687
10607
10915
10429
10024
10422
10983
10039
10318
10547
10591
10319
10328
10311
10723
10626
10304
10476
10774
10042
10018
10032
10637
10920
10331
10731
10734
10416
10127
10771
10995
10645
10811
10790
10031
10495
10477
10681
10104
10802
10417
10926
10461
10778
10093
10626
10314
10443
10071
10272
10578
10533
10877
10480
10269
10608
10142
10901
10826
10900
10447
10990
10941
10669
10624
10922
10557
10549
10072
10417
10616
10850
10526
10216
10752
10361
10330
10517
10202
10763
10707
10189
10835
10288
10307
10299
10246
10193
10528
10697
10517
10218
10211
10115
10516
10519
10502
10530
10028
10334
10930
10927
10590
10390
10751
10225
10693
10334
10136
10888
10098
10410
10773
10507
10130
10281
10570
10191
10347
10002
10393
10832
10167
10480
10972
10613
10752
10756
10421
10647
10772
10290
10385
10859
10507
10638
10026
10033
10775
10425
10821
10763
10890
10214
10892
10777
10767
10186
10076
10748
10522
10444
10009
10451
10625
10265
10032
10835
10319
10482
10189
10809
10911
10322
10527
10749
10022
10427
10425
10919
10740
10521
10378
10517
10340
10089
10055
10985
10377
10602
10287
10684
10827
10933
10176
10503
10067
10538
10608
10716
10068
10188
10447
10288
10819
10957
10355
10948
10896
10596
10083
10204
10660
10206
10320
10184
10077
10490
10552
10921
10617
10058
10045
10062
10264
10503
10366
10679
10156
10197
10205
10849
10717
10063
10665
10092
10128
10955
10084
10233
10064
10529
10431
10177
10560
10456
10301
10146
10448
10418
10270
10346
10630
10473
10941
10297
10934
10194
10044
10098
10117
10833
10933
10642
10163
10917
10148
10965
10031
10469
10916
10733
10335
10227
10039
10860
10560
10944
10731
10372
10363
10488
10697
10756
10353
10999
10015
10998
10888
10661
10576
10455
10894
10734
10962
10159
10173
10333
10801
10922
10208
10114
10498
10158
10693
10929
10306
10549
10499
10805
10464
10485
10214
10020
10153
10151
10745
10949
10291
10285
10507
10264
10395
10879
10990
10581
10371
10816
10923
10743
10358
10948
10898
10130
10694
10644
10761
10723
10696
10510
10778
10335
10574
10695
10498
10487
10022
10498
10559
10562
10704
10702
10658
10283
10998
10002
10165
10284
10455
10148
10767
10820
10389
10763
10829
10757
10584
10145
10803
10473
10505
10973
10284
10222
10580
10632
10583
10831
10824
10039
10266
10006
10944
10448
10539
10703
10015
10960
10740
10614
10496
10812
10159
10851
10292
10359
10523
10860
10696
10499
10493
10356
10397
10980
10698
10387
10753
10745
10316
10383
10839
10748
10667
10377
10915
10236
10758
10890
10608
10393
10523
10568
10917
10584
10731
10132
10301
10927
10289
10766
10006
10668
10908
10627
10100
10001
10491
10142
10511
10602
10113
10708
10251
10570
10050
10700
10199
10507
10100
10455
10304
10140
10577
10076
10198
10592
10988
10808
10014
10933
10162
10964
10474
10730
10235
10319
10407
10780
10624
10261
10557
10659
10104
10456
10308
10721
10262
10694
10365
10746
10989
10851
10230
10850
10295
10993
10731
10852
10377
10029
10561
10343
10500
10868
10276
10118
10368
10006
10244
10567
10849
10914
10971
10491
10982
10586
10322
10384
10640
10240
10429
10564
10952
10848
10812
10067
10788
10568
10588
10499
10452
10030
10973
10326
10151
10361
10804
10151
10307
10114
10604
10041
10941
10732
10121
10260
10694
10602
10974
10249
10311
10680
10623
10992
10230
10453
10609
10679
10497
10280
10361
10486
10938
10352
10578
10090
10756
10176
10363
10503
10461
10843
10312
10689
10933
10276
10287
10012
10750
10321
10774
10274
10660
10216
10628
10341
10166
10059
10709
10006
10349
10769
10554
10190
10437
10317
10536
10042
10979
10587
10007
10196
10646
10703
10254
10968
10184
10728
10733
10684
10838
10870
10532
10852
10630
10584
10874
10884
10049
10065
10568
10871
10761
10835
10191
10104
10725
10092
10607
10864
10507
10185
10010
10911
10317
10984
10688
10838
10239
10042
10172
10796
10823
10385
10190
10647
10886
10838
10707
10173
10503
10183
